cells = zeros(443,4);
cells = [-1 505 505 505
3 591.799 455.989 9.953
0 591.799 455.989 5.295
3 597.212 416.766 9.953
0 597.212 416.766 5.295
3 596.555 436.661 9.953
0 596.555 436.661 5.295
3 614.609 428.277 9.953
0 614.609 428.277 5.295
3 624.345 445.639 9.953
0 624.345 445.639 5.295
3 611.172 460.562 9.953
0 611.172 460.562 5.295
3 639.122 432.302 9.953
0 639.122 432.302 5.295
3 643.081 452.361 9.953
0 643.081 452.361 5.295
3 661.112 428.823 9.953
0 661.112 428.823 5.295
3 677.41 440.251 9.953
0 677.41 440.251 5.295
3 662.94 453.919 9.953
0 662.94 453.919 5.295
3 697.312 440.64 9.953
0 697.312 440.64 5.295
3 685.204 458.968 9.953
0 685.204 458.968 5.295
3 587.934 475.516 9.953
0 587.934 475.516 5.295
3 607.307 480.088 9.953
0 607.307 480.088 5.295
3 651.663 470.322 9.953
0 651.663 470.322 5.295
3 629.643 467.982 9.953
0 629.643 467.982 5.295
3 671.356 473.267 9.953
0 671.356 473.267 5.295
3 704.067 465.383 9.953
0 704.067 465.383 5.295
3 695.822 483.5 9.953
0 695.822 483.5 5.295
3 583.537 494.929 9.953
0 583.537 494.929 5.295
3 602.392 501.308 9.953
0 602.392 501.308 5.295
3 621.081 494.458 9.953
0 621.081 494.458 5.295
3 638.906 485.601 9.953
0 638.906 485.601 5.295
0 645.306 504.557 9.953
0 645.306 504.557 5.295
0 658.516 489.01 9.953
0 658.516 489.01 5.295
3 664.932 507.882 9.953
0 664.932 507.882 5.295
3 678.1 492.564 9.953
0 678.1 492.564 5.295
3 715.726 483.301 9.953
0 715.726 483.301 5.295
3 713.954 503.128 9.953
0 713.954 503.128 5.295
3 720.416 521.955 9.953
0 720.416 521.955 5.295
3 550.274 516.8 9.953
0 550.274 516.8 5.295
3 566.997 506.003 9.953
0 566.997 506.003 5.295
3 581.361 519.784 9.953
0 581.361 519.784 5.295
3 601.032 522.825 9.953
0 601.032 522.825 5.295
3 583.94 539.522 9.953
0 583.94 539.522 5.295
3 618.997 514.253 9.953
0 618.997 514.253 5.295
3 620.55 534.098 9.953
0 620.55 534.098 5.295
3 637.038 522.664 9.953
0 637.038 522.664 5.295
3 643.955 541.329 9.953
0 643.955 541.329 5.295
3 656.663 525.988 9.953
0 656.663 525.988 5.295
3 694.09 504.418 9.953
0 694.09 504.418 5.295
3 680.643 520.736 9.953
0 680.643 520.736 5.295
3 700.552 523.245 9.953
0 700.552 523.245 5.295
3 603.32 544.065 9.953
0 603.32 544.065 5.295
3 591.335 561.678 9.953
0 591.335 561.678 5.295
3 572.343 555.719 9.953
0 572.343 555.719 5.295
3 611.123 563.836 9.953
0 611.123 563.836 5.295
3 608.826 583.609 9.953
0 608.826 583.609 5.295
3 627.718 552.844 9.953
0 627.718 552.844 5.295
3 671.989 538.691 9.953
0 671.989 538.691 5.295
3 659.29 554.02 9.953
0 659.29 554.02 5.295
3 656.002 576.79 9.953
0 656.002 576.79 5.295
3 692.635 580.356 9.953
0 692.635 580.356 5.295
3 673.676 586.421 9.953
0 673.676 586.421 5.295
3 663.93 603.778 9.953
0 663.93 603.778 5.295
3 705.38 542.555 9.953
0 705.38 542.555 5.295
3 687.458 551.217 9.953
0 687.458 551.217 5.295
3 674.759 566.545 9.953
0 674.759 566.545 5.295
7 80 235 4.9765
0 80 235 2.6475
7 80 244 4.9765
0 80 244 2.6475
7 80 253 4.9765
0 80 253 2.6475
7 80 262 4.9765
0 80 262 2.6475
7 80 271 4.9765
0 80 271 2.6475
7 80 280 4.9765
0 80 280 2.6475
7 80 289 4.9765
0 80 289 2.6475
7 80 298 4.9765
0 80 298 2.6475
7 80 307 4.9765
0 80 307 2.6475
7 80 316 4.9765
0 80 316 2.6475
7 80 325 4.9765
0 80 325 2.6475
7 80 334 4.9765
0 80 334 2.6475
7 80 343 4.9765
0 80 343 2.6475
7 80 352 4.9765
0 80 352 2.6475
7 80 361 4.9765
0 80 361 2.6475
7 80 370 4.9765
0 80 370 2.6475
7 80 379 4.9765
0 80 379 2.6475
7 80 388 4.9765
0 80 388 2.6475
7 80 397 4.9765
0 80 397 2.6475
7 80 406 4.9765
0 80 406 2.6475
7 80 415 4.9765
0 80 415 2.6475
7 80 424 4.9765
0 80 424 2.6475
7 80 433 4.9765
0 80 433 2.6475
7 80 442 4.9765
0 80 442 2.6475
7 80 451 4.9765
0 80 451 2.6475
7 80 460 4.9765
0 80 460 2.6475
7 80 469 4.9765
0 80 469 2.6475
7 80 478 4.9765
0 80 478 2.6475
7 80 487 4.9765
0 80 487 2.6475
7 80 496 4.9765
0 80 496 2.6475
7 80 505 4.9765
0 80 505 2.6475
7 80 514 4.9765
0 80 514 2.6475
7 80 523 4.9765
0 80 523 2.6475
7 80 532 4.9765
0 80 532 2.6475
7 80 541 4.9765
0 80 541 2.6475
7 80 550 4.9765
0 80 550 2.6475
7 80 559 4.9765
0 80 559 2.6475
7 80 568 4.9765
0 80 568 2.6475
7 80 577 4.9765
0 80 577 2.6475
7 80 586 4.9765
0 80 586 2.6475
7 80 595 4.9765
0 80 595 2.6475
7 80 604 4.9765
0 80 604 2.6475
7 80 613 4.9765
0 80 613 2.6475
7 80 622 4.9765
0 80 622 2.6475
7 80 631 4.9765
0 80 631 2.6475
7 80 640 4.9765
0 80 640 2.6475
7 80 649 4.9765
0 80 649 2.6475
7 80 658 4.9765
0 80 658 2.6475
7 80 667 4.9765
0 80 667 2.6475
7 80 676 4.9765
0 80 676 2.6475
7 80 685 4.9765
0 80 685 2.6475
7 80 694 4.9765
0 80 694 2.6475
7 80 703 4.9765
0 80 703 2.6475
7 80 712 4.9765
0 80 712 2.6475
7 80 721 4.9765
0 80 721 2.6475
7 80 730 4.9765
0 80 730 2.6475
7 80 739 4.9765
0 80 739 2.6475
7 80 748 4.9765
0 80 748 2.6475
7 80 757 4.9765
0 80 757 2.6475
7 80 766 4.9765
0 80 766 2.6475
7 80 775 4.9765
0 80 775 2.6475
7 100 208 4.9765
0 100 208 2.6475
7 100 217 4.9765
0 100 217 2.6475
7 100 226 4.9765
0 100 226 2.6475
7 100 235 4.9765
0 100 235 2.6475
7 100 244 4.9765
0 100 244 2.6475
7 100 253 4.9765
0 100 253 2.6475
7 100 262 4.9765
0 100 262 2.6475
7 100 271 4.9765
0 100 271 2.6475
7 100 280 4.9765
0 100 280 2.6475
7 100 289 4.9765
0 100 289 2.6475
7 100 298 4.9765
0 100 298 2.6475
7 107.775 303.373 4.9765
0 107.775 303.373 2.6475
7 112.795 311.372 4.9765
0 112.795 311.372 2.6475
7 119.234 318.286 4.9765
0 119.234 318.286 2.6475
7 128.689 318.855 4.9765
0 128.689 318.855 2.6475
7 138.099 318.743 4.9765
0 138.099 318.743 2.6475
7 147.653 319.127 4.9765
0 147.653 319.127 2.6475
7 157.001 319.303 4.9765
0 157.001 319.303 2.6475
7 166.456 320.748 4.9765
0 166.456 320.748 2.6475
7 175.783 319.229 4.9765
0 175.783 319.229 2.6475
9 184.526 322.532 4.9765
0 184.526 322.532 2.6475
8 193.039 327.587 4.9765
0 193.039 327.587 2.6475
9 184.605 333.85 4.9765
0 184.605 333.85 2.6475
7 175.994 336.562 4.9765
0 175.994 336.562 2.6475
7 165.504 333.871 4.9765
0 165.504 333.871 2.6475
7 156.784 334.703 4.9765
0 156.784 334.703 2.6475
7 146.308 333.685 4.9765
0 146.308 333.685 2.6475
7 137.656 333.471 4.9765
0 137.656 333.471 2.6475
7 127.865 332.609 4.9765
0 127.865 332.609 2.6475
7 118.633 331.576 4.9765
0 118.633 331.576 2.6475
7 111.087 337.362 4.9765
0 111.087 337.362 2.6475
7 107.5 346.158 4.9765
0 107.5 346.158 2.6475
7 100 352 4.9765
0 100 352 2.6475
7 100 361 4.9765
0 100 361 2.6475
7 100 370 4.9765
0 100 370 2.6475
7 100 379 4.9765
0 100 379 2.6475
7 100 388 4.9765
0 100 388 2.6475
7 100 397 4.9765
0 100 397 2.6475
7 100 406 4.9765
0 100 406 2.6475
7 100 415 4.9765
0 100 415 2.6475
7 100 424 4.9765
0 100 424 2.6475
7 100 433 4.9765
0 100 433 2.6475
7 100 442 4.9765
0 100 442 2.6475
7 100 451 4.9765
0 100 451 2.6475
7 100 460 4.9765
0 100 460 2.6475
7 100 469 4.9765
0 100 469 2.6475
7 100 478 4.9765
0 100 478 2.6475
7 100 487 4.9765
0 100 487 2.6475
7 100 496 4.9765
0 100 496 2.6475
7 100 505 4.9765
0 100 505 2.6475
7 100 514 4.9765
0 100 514 2.6475
7 100 523 4.9765
0 100 523 2.6475
7 100 532 4.9765
0 100 532 2.6475
7 100 541 4.9765
0 100 541 2.6475
7 100 550 4.9765
0 100 550 2.6475
7 100 559 4.9765
0 100 559 2.6475
7 100 568 4.9765
0 100 568 2.6475
7 100 577 4.9765
0 100 577 2.6475
7 100 586 4.9765
0 100 586 2.6475
7 100 595 4.9765
0 100 595 2.6475
7 100 604 4.9765
0 100 604 2.6475
7 100 613 4.9765
0 100 613 2.6475
7 100 622 4.9765
0 100 622 2.6475
7 100 631 4.9765
0 100 631 2.6475
7 100 640 4.9765
0 100 640 2.6475
7 100 649 4.9765
0 100 649 2.6475
7 100 658 4.9765
0 100 658 2.6475
7 105.214 665.906 4.9765
0 105.214 665.906 2.6475
7 111.291 673.309 4.9765
0 111.291 673.309 2.6475
7 118.216 679.636 4.9765
0 118.216 679.636 2.6475
7 126.661 684.257 4.9765
0 126.661 684.257 2.6475
7 135.64 686.816 4.9765
0 135.64 686.816 2.6475
7 145.06 688.891 4.9765
0 145.06 688.891 2.6475
7 154.164 690.754 4.9765
0 154.164 690.754 2.6475
7 163.585 692.809 4.9765
0 163.585 692.809 2.6475
7 172.338 695.965 4.9765
0 172.338 695.965 2.6475
7 181.369 693.011 4.9765
0 181.369 693.011 2.6475
9 187.247 700.418 4.9765
0 187.247 700.418 2.6475
8 193.169 707.747 4.9765
0 193.169 707.747 2.6475
