cells = zeros(3689,4);
cells = [-1 505 505 505
0 556.192 462.977 5.295
0 556.192 462.977 0
0 573.967 451.027 5.295
0 573.967 451.027 0
0 585.313 441.27 5.295
0 585.313 441.27 0
0 607.463 439.972 5.295
0 607.463 439.972 0
0 538.866 430.212 5.295
0 538.866 430.212 0
0 544.944 446.54 5.295
0 544.944 446.54 0
0 521.806 427.1 5.295
0 521.806 427.1 0
0 525.048 447.225 5.295
0 525.048 447.225 0
0 538.102 466.948 5.295
0 538.102 466.948 0
3 558.824 343.297 9.953
0 558.824 343.297 5.295
3 579.767 342.008 9.953
0 579.767 342.008 5.295
0 590.471 392.675 5.295
0 590.471 392.675 0
3 612.388 362.526 9.953
0 612.388 362.526 5.295
3 629.929 371.616 9.953
0 629.929 371.616 5.295
3 641.889 387.304 9.953
0 641.889 387.304 5.295
3 613.287 382.36 9.953
0 613.287 382.36 5.295
3 563.787 306.866 9.953
0 563.787 306.866 5.295
3 545.339 299.873 9.953
0 545.339 299.873 5.295
3 528.74 310.4 9.953
0 528.74 310.4 5.295
3 534.06 333.004 9.953
0 534.06 333.004 5.295
3 521.423 348.297 9.953
0 521.423 348.297 5.295
3 584.979 310.31 9.953
0 584.979 310.31 5.295
3 568.345 325.983 9.953
0 568.345 325.983 5.295
3 597.448 325.791 9.953
0 597.448 325.791 5.295
3 598.3 348.67 9.953
0 598.3 348.67 5.295
0 593.739 374.48 5.295
0 593.739 374.48 0
3 430.606 277.619 9.953
0 430.606 277.619 5.295
3 436.045 298.514 9.953
0 436.045 298.514 5.295
1 394.355 259.282 9.953
0 394.355 259.282 5.295
1 383.143 275.729 9.953
0 383.143 275.729 5.295
3 413.208 265.717 9.953
0 413.208 265.717 5.295
3 403.543 283.085 9.953
0 403.543 283.085 5.295
3 416.326 298.245 9.953
0 416.326 298.245 5.295
3 417.689 318.234 9.953
0 417.689 318.234 5.295
3 433.499 339.243 9.953
0 433.499 339.243 5.295
3 454.128 306.606 9.953
0 454.128 306.606 5.295
3 437.532 318.247 9.953
0 437.532 318.247 5.295
3 468.193 320.563 9.953
0 468.193 320.563 5.295
3 451.892 331.867 9.953
0 451.892 331.867 5.295
3 427.828 359.036 9.953
0 427.828 359.036 5.295
3 451.953 286.856 9.953
0 451.953 286.856 5.295
3 484.071 308.743 9.953
0 484.071 308.743 5.295
3 515.796 325.22 9.953
0 515.796 325.22 5.295
3 470.056 294.795 9.953
0 470.056 294.795 5.295
3 469.783 340.303 9.953
0 469.783 340.303 5.295
3 486.529 350.769 9.953
0 486.529 350.769 5.295
3 486.453 328.886 9.953
0 486.453 328.886 5.295
3 503.266 340.391 9.953
0 503.266 340.391 5.295
3 505.456 360.094 9.953
0 505.456 360.094 5.295
3 548.505 319.462 9.953
0 548.505 319.462 5.295
3 540.926 351.752 9.953
0 540.926 351.752 5.295
0 560.643 361.009 5.295
0 560.643 361.009 0
0 528.124 364.785 5.295
0 528.124 364.785 0
0 545.52 371.83 5.295
0 545.52 371.83 0
0 561.519 388.694 5.295
0 561.519 388.694 0
3 583.145 361.508 9.953
0 583.145 361.508 5.295
0 573.681 376.613 5.295
0 573.681 376.613 0
0 572.248 395.68 5.295
0 572.248 395.68 0
0 585.556 408.587 5.295
0 585.556 408.587 0
0 643.198 445.428 5.295
0 643.198 445.428 0
0 653.285 448.561 5.295
0 653.285 448.561 0
3 651.626 339.521 9.953
0 651.626 339.521 5.295
3 651.636 359.385 9.953
0 651.636 359.385 5.295
3 669.628 376.93 9.953
0 669.628 376.93 5.295
3 668.547 397.406 9.953
0 668.547 397.406 5.295
3 686.11 388.12 9.953
0 686.11 388.12 5.295
0 657.848 463.066 9.953
0 657.848 463.066 5.295
3 686.021 443.584 9.953
0 686.021 443.584 5.295
3 696.654 404.983 9.953
0 696.654 404.983 5.295
3 746.264 433.004 9.953
0 746.264 433.004 5.295
3 717.565 460.022 9.953
0 717.565 460.022 5.295
3 728.214 420.767 9.953
0 728.214 420.767 5.295
3 723.182 515.042 9.953
0 723.182 515.042 5.295
3 504.426 416.208 9.953
0 504.426 416.208 5.295
0 528.666 410.95 5.295
0 528.666 410.95 0
3 471.328 411.992 9.953
0 471.328 411.992 5.295
0 543.141 389.828 5.295
0 543.141 389.828 0
0 566.902 435.485 5.295
0 566.902 435.485 0
3 449.626 384.663 9.953
0 449.626 384.663 5.295
3 451.929 404.403 9.953
0 451.929 404.403 5.295
3 434.956 414.769 9.953
0 434.956 414.769 5.295
0 506.136 436.45 5.295
0 506.136 436.45 0
0 641.635 465.88 5.295
0 641.635 465.88 0
0 677.652 461.6 9.953
0 677.652 461.6 5.295
0 666.381 440.845 9.953
0 666.381 440.845 5.295
0 697.717 459.616 9.953
0 697.717 459.616 5.295
3 757.663 461.263 9.953
0 757.663 461.263 5.295
3 718.489 495.69 9.953
0 718.489 495.69 5.295
0 596.96 454.208 5.295
0 596.96 454.208 0
0 606.092 466.422 9.953
0 606.092 466.422 5.295
0 649.03 480.846 9.953
0 649.03 480.846 5.295
0 670.036 482.307 9.953
0 670.036 482.307 5.295
0 692.842 534.355 9.953
0 692.842 534.355 5.295
0 689.374 477.627 9.953
0 689.374 477.627 5.295
0 703.556 517.616 9.953
0 703.556 517.616 5.295
0 709.252 478.082 9.953
0 709.252 478.082 5.295
3 760.967 509.28 9.953
0 760.967 509.28 5.295
3 733.444 532.044 9.953
0 733.444 532.044 5.295
3 753.013 528.56 9.953
0 753.013 528.56 5.295
0 570.151 520.823 5.295
0 570.151 520.823 0
0 548.547 484.923 5.295
0 548.547 484.923 0
0 560.231 510.067 5.295
0 560.231 510.067 0
0 571.969 536.788 5.295
0 571.969 536.788 0
0 551.383 535.079 5.295
0 551.383 535.079 0
0 529.729 483.661 5.295
0 529.729 483.661 0
0 510.749 489.199 5.295
0 510.749 489.199 0
0 517.358 506.476 5.295
0 517.358 506.476 0
0 531.908 498.445 5.295
0 531.908 498.445 0
0 549.282 499.091 5.295
0 549.282 499.091 0
0 551.869 519.62 5.295
0 551.869 519.62 0
0 537.896 511.799 5.295
0 537.896 511.799 0
0 526.11 518.122 5.295
0 526.11 518.122 0
0 543.35 526.87 5.295
0 543.35 526.87 0
0 535.553 541.783 5.295
0 535.553 541.783 0
0 490.836 481.776 5.295
0 490.836 481.776 0
0 496.36 505.979 5.295
0 496.36 505.979 0
0 520.105 530.66 5.295
0 520.105 530.66 0
3 364.316 424.273 9.953
0 364.316 424.273 5.295
3 378.226 438.404 9.953
0 378.226 438.404 5.295
3 359.719 445.371 9.953
0 359.719 445.371 5.295
3 369.378 476.736 9.953
0 369.378 476.736 5.295
1 294.634 345.397 9.953
0 294.634 345.397 5.295
3 294.781 385.081 9.953
0 294.781 385.081 5.295
3 313.081 352.641 9.953
0 313.081 352.641 5.295
3 297.282 365.127 9.953
0 297.282 365.127 5.295
3 312.965 377.351 9.953
0 312.965 377.351 5.295
3 297.54 404.643 9.953
0 297.54 404.643 5.295
3 316.211 398.277 9.953
0 316.211 398.277 5.295
1 277.285 354.895 9.953
0 277.285 354.895 5.295
3 278.061 374.628 9.953
0 278.061 374.628 5.295
3 264.854 394.097 9.953
0 264.854 394.097 5.295
2 228.014 380.959 9.953
0 228.014 380.959 5.295
1 242.711 394.716 9.953
0 242.711 394.716 5.295
5 227.144 401.67 7.03783
0 227.144 401.67 3.74413
5 225.168 415.573 7.03783
0 225.168 415.573 3.74413
3 278.198 408.584 9.953
0 278.198 408.584 5.295
3 254.329 410.782 9.953
0 254.329 410.782 5.295
3 252.29 430.433 9.953
0 252.29 430.433 5.295
1 240.37 446.229 9.953
0 240.37 446.229 5.295
3 331.105 385.285 9.953
0 331.105 385.285 5.295
3 334.878 404.816 9.953
0 334.878 404.816 5.295
3 330.503 424.115 9.953
0 330.503 424.115 5.295
3 311.334 418.884 9.953
0 311.334 418.884 5.295
3 322.277 442.108 9.953
0 322.277 442.108 5.295
3 333.222 458.575 9.953
0 333.222 458.575 5.295
3 320.138 473.282 9.953
0 320.138 473.282 5.295
3 291.295 423.406 9.953
0 291.295 423.406 5.295
3 302.671 439.543 9.953
0 302.671 439.543 5.295
3 287.724 452.551 9.953
0 287.724 452.551 5.295
3 271.857 427.291 9.953
0 271.857 427.291 5.295
3 268.752 446.814 9.953
0 268.752 446.814 5.295
3 254.3 460.356 9.953
0 254.3 460.356 5.295
1 240.532 474.616 9.953
0 240.532 474.616 5.295
3 273.269 466.116 9.953
0 273.269 466.116 5.295
3 306.473 458.975 9.953
0 306.473 458.975 5.295
3 301.257 479.117 9.953
0 301.257 479.117 5.295
3 282.002 483.867 9.953
0 282.002 483.867 5.295
3 324.574 492.509 9.953
0 324.574 492.509 5.295
3 312.621 508.272 9.953
0 312.621 508.272 5.295
3 340.089 478.896 9.953
0 340.089 478.896 5.295
3 340.793 503.839 9.953
0 340.793 503.839 5.295
3 295.686 498.142 9.953
0 295.686 498.142 5.295
3 278.119 507.308 9.953
0 278.119 507.308 5.295
1 258.248 520.679 9.953
0 258.248 520.679 5.295
3 277.096 527.14 9.953
0 277.096 527.14 5.295
3 403.727 467.823 9.953
0 403.727 467.823 5.295
1 423.411 470.17 9.953
0 423.411 470.17 5.295
0 406.532 483.891 5.295
0 406.532 483.891 0
3 394.048 450.497 9.953
0 394.048 450.497 5.295
3 375.585 457.986 9.953
0 375.585 457.986 5.295
3 353.394 464.161 9.953
0 353.394 464.161 5.295
