cells = zeros(307,4);
cells = [-1 505 505 505
1 600 460.188 9.953
0 600 460.188 5.295
2 619.906 460.188 9.953
0 619.906 460.188 5.295
2 639.812 460.188 9.953
0 639.812 460.188 5.295
2 659.718 460.188 9.953
0 659.718 460.188 5.295
1 679.624 460.188 9.953
0 679.624 460.188 5.295
1 600 480.094 9.953
0 600 480.094 5.295
1 619.906 480.094 9.953
0 619.906 480.094 5.295
2 639.812 480.094 9.953
0 639.812 480.094 5.295
1 659.718 480.094 9.953
0 659.718 480.094 5.295
1 679.624 480.094 9.953
0 679.624 480.094 5.295
1 600 500 9.953
0 600 500 5.295
2 619.906 500 9.953
0 619.906 500 5.295
2 639.812 500 9.953
0 639.812 500 5.295
2 659.718 500 9.953
0 659.718 500 5.295
2 679.624 500 9.953
0 679.624 500 5.295
1 600 519.906 9.953
0 600 519.906 5.295
2 619.906 519.906 9.953
0 619.906 519.906 5.295
1 639.812 519.906 9.953
0 639.812 519.906 5.295
1 659.718 519.906 9.953
0 659.718 519.906 5.295
1 679.624 519.906 9.953
0 679.624 519.906 5.295
1 600 539.812 9.953
0 600 539.812 5.295
1 619.906 539.812 9.953
0 619.906 539.812 5.295
2 639.812 539.812 9.953
0 639.812 539.812 5.295
2 659.718 539.812 9.953
0 659.718 539.812 5.295
2 679.624 539.812 9.953
0 679.624 539.812 5.295
7 80 235 4.9765
0 80 235 2.6475
7 80 244 4.9765
0 80 244 2.6475
7 80 253 4.9765
0 80 253 2.6475
7 80 262 4.9765
0 80 262 2.6475
7 80 271 4.9765
0 80 271 2.6475
7 80 280 4.9765
0 80 280 2.6475
7 80 289 4.9765
0 80 289 2.6475
7 80 298 4.9765
0 80 298 2.6475
7 80 307 4.9765
0 80 307 2.6475
7 80 316 4.9765
0 80 316 2.6475
7 80 325 4.9765
0 80 325 2.6475
7 80 334 4.9765
0 80 334 2.6475
7 80 343 4.9765
0 80 343 2.6475
7 80 352 4.9765
0 80 352 2.6475
7 80 361 4.9765
0 80 361 2.6475
7 80 370 4.9765
0 80 370 2.6475
7 80 379 4.9765
0 80 379 2.6475
7 80 388 4.9765
0 80 388 2.6475
7 80 397 4.9765
0 80 397 2.6475
7 80 406 4.9765
0 80 406 2.6475
7 80 415 4.9765
0 80 415 2.6475
7 80 424 4.9765
0 80 424 2.6475
7 80 433 4.9765
0 80 433 2.6475
7 80 442 4.9765
0 80 442 2.6475
7 80 451 4.9765
0 80 451 2.6475
7 80 460 4.9765
0 80 460 2.6475
7 80 469 4.9765
0 80 469 2.6475
7 80 478 4.9765
0 80 478 2.6475
7 80 487 4.9765
0 80 487 2.6475
7 80 496 4.9765
0 80 496 2.6475
7 80 505 4.9765
0 80 505 2.6475
7 80 514 4.9765
0 80 514 2.6475
7 80 523 4.9765
0 80 523 2.6475
7 80 532 4.9765
0 80 532 2.6475
7 80 541 4.9765
0 80 541 2.6475
7 80 550 4.9765
0 80 550 2.6475
7 80 559 4.9765
0 80 559 2.6475
7 80 568 4.9765
0 80 568 2.6475
7 80 577 4.9765
0 80 577 2.6475
7 80 586 4.9765
0 80 586 2.6475
7 80 595 4.9765
0 80 595 2.6475
7 80 604 4.9765
0 80 604 2.6475
7 80 613 4.9765
0 80 613 2.6475
7 80 622 4.9765
0 80 622 2.6475
7 80 631 4.9765
0 80 631 2.6475
7 80 640 4.9765
0 80 640 2.6475
7 80 649 4.9765
0 80 649 2.6475
7 80 658 4.9765
0 80 658 2.6475
7 80 667 4.9765
0 80 667 2.6475
7 80 676 4.9765
0 80 676 2.6475
7 80 685 4.9765
0 80 685 2.6475
7 80 694 4.9765
0 80 694 2.6475
7 80 703 4.9765
0 80 703 2.6475
7 80 712 4.9765
0 80 712 2.6475
7 80 721 4.9765
0 80 721 2.6475
7 80 730 4.9765
0 80 730 2.6475
7 80 739 4.9765
0 80 739 2.6475
7 80 748 4.9765
0 80 748 2.6475
7 80 757 4.9765
0 80 757 2.6475
7 80 766 4.9765
0 80 766 2.6475
7 80 775 4.9765
0 80 775 2.6475
7 100 208 4.9765
0 100 208 2.6475
7 100 217 4.9765
0 100 217 2.6475
7 100 226 4.9765
0 100 226 2.6475
7 100 235 4.9765
0 100 235 2.6475
7 100 244 4.9765
0 100 244 2.6475
7 100 253 4.9765
0 100 253 2.6475
7 100 262 4.9765
0 100 262 2.6475
7 100 271 4.9765
0 100 271 2.6475
7 100 280 4.9765
0 100 280 2.6475
7 100 289 4.9765
0 100 289 2.6475
7 100 298 4.9765
0 100 298 2.6475
7 100 307 4.9765
0 100 307 2.6475
7 100 316 4.9765
0 100 316 2.6475
7 100 325 4.9765
0 100 325 2.6475
7 100 334 4.9765
0 100 334 2.6475
7 100 343 4.9765
0 100 343 2.6475
7 100 352 4.9765
0 100 352 2.6475
7 100 361 4.9765
0 100 361 2.6475
7 100 370 4.9765
0 100 370 2.6475
7 100 379 4.9765
0 100 379 2.6475
7 100 388 4.9765
0 100 388 2.6475
7 100 397 4.9765
0 100 397 2.6475
7 100 406 4.9765
0 100 406 2.6475
7 100 415 4.9765
0 100 415 2.6475
7 100 424 4.9765
0 100 424 2.6475
7 100 433 4.9765
0 100 433 2.6475
7 100 442 4.9765
0 100 442 2.6475
7 100 451 4.9765
0 100 451 2.6475
7 100 460 4.9765
0 100 460 2.6475
7 100 469 4.9765
0 100 469 2.6475
7 100 478 4.9765
0 100 478 2.6475
7 100 487 4.9765
0 100 487 2.6475
7 100 496 4.9765
0 100 496 2.6475
7 100 505 4.9765
0 100 505 2.6475
7 100 514 4.9765
0 100 514 2.6475
7 100 523 4.9765
0 100 523 2.6475
7 100 532 4.9765
0 100 532 2.6475
7 100 541 4.9765
0 100 541 2.6475
7 100 550 4.9765
0 100 550 2.6475
7 100 559 4.9765
0 100 559 2.6475
7 100 568 4.9765
0 100 568 2.6475
7 100 577 4.9765
0 100 577 2.6475
7 100 586 4.9765
0 100 586 2.6475
7 100 595 4.9765
0 100 595 2.6475
7 100 604 4.9765
0 100 604 2.6475
7 100 613 4.9765
0 100 613 2.6475
7 100 622 4.9765
0 100 622 2.6475
7 100 631 4.9765
0 100 631 2.6475
7 100 640 4.9765
0 100 640 2.6475
7 100 649 4.9765
0 100 649 2.6475
7 100 658 4.9765
0 100 658 2.6475
7 100 667 4.9765
0 100 667 2.6475
7 100 676 4.9765
0 100 676 2.6475
7 100 685 4.9765
0 100 685 2.6475
7 100 694 4.9765
0 100 694 2.6475
7 100 703 4.9765
0 100 703 2.6475
7 100 712 4.9765
0 100 712 2.6475
7 100 721 4.9765
0 100 721 2.6475
7 100 730 4.9765
0 100 730 2.6475
7 100 739 4.9765
0 100 739 2.6475
7 100 748 4.9765
0 100 748 2.6475
7 100 757 4.9765
0 100 757 2.6475
7 100 766 4.9765
0 100 766 2.6475
7 100 775 4.9765
0 100 775 2.6475
7 100 784 4.9765
0 100 784 2.6475
7 100 793 4.9765
0 100 793 2.6475
7 100 802 4.9765
0 100 802 2.6475
];