cells = zeros(859,4);
cells = [-1 505 505 505
3 591.798 455.989 9.953
0 591.798 455.989 5.295
3 597.212 416.765 9.953
0 597.212 416.765 5.295
3 596.555 436.66 9.953
0 596.555 436.66 5.295
3 614.609 428.276 9.953
0 614.609 428.276 5.295
3 624.345 445.639 9.953
0 624.345 445.639 5.295
3 611.171 460.561 9.953
0 611.171 460.561 5.295
3 639.122 432.302 9.953
0 639.122 432.302 5.295
3 643.082 452.361 9.953
0 643.082 452.361 5.295
3 661.112 428.823 9.953
0 661.112 428.823 5.295
3 677.411 440.249 9.953
0 677.411 440.249 5.295
3 662.941 453.918 9.953
0 662.941 453.918 5.295
3 697.313 440.64 9.953
0 697.313 440.64 5.295
3 685.204 458.968 9.953
0 685.204 458.968 5.295
3 587.932 475.515 9.953
0 587.932 475.515 5.295
3 607.306 480.088 9.953
0 607.306 480.088 5.295
3 651.664 470.321 9.953
0 651.664 470.321 5.295
3 629.643 467.98 9.953
0 629.643 467.98 5.295
3 671.356 473.268 9.953
0 671.356 473.268 5.295
3 704.067 465.382 9.953
0 704.067 465.382 5.295
3 695.823 483.5 9.953
0 695.823 483.5 5.295
3 583.536 494.929 9.953
0 583.536 494.929 5.295
3 602.391 501.31 9.953
0 602.391 501.31 5.295
3 621.079 494.458 9.953
0 621.079 494.458 5.295
0 638.905 485.6 9.953
0 638.905 485.6 5.295
0 645.306 504.557 9.953
0 645.306 504.557 5.295
0 658.515 489.011 9.953
0 658.515 489.011 5.295
0 664.933 507.881 9.953
0 664.933 507.881 5.295
3 678.101 492.564 9.953
0 678.101 492.564 5.295
3 715.727 483.301 9.953
0 715.727 483.301 5.295
3 713.956 503.128 9.953
0 713.956 503.128 5.295
3 720.416 521.956 9.953
0 720.416 521.956 5.295
3 550.272 516.801 9.953
0 550.272 516.801 5.295
3 566.995 506.003 9.953
0 566.995 506.003 5.295
3 581.359 519.784 9.953
0 581.359 519.784 5.295
3 601.031 522.827 9.953
0 601.031 522.827 5.295
3 583.94 539.522 9.953
0 583.94 539.522 5.295
3 618.996 514.254 9.953
0 618.996 514.254 5.295
3 620.551 534.099 9.953
0 620.551 534.099 5.295
0 637.038 522.664 9.953
0 637.038 522.664 5.295
3 643.955 541.329 9.953
0 643.955 541.329 5.295
0 656.664 525.988 9.953
0 656.664 525.988 5.295
3 694.092 504.418 9.953
0 694.092 504.418 5.295
3 680.643 520.736 9.953
0 680.643 520.736 5.295
3 700.552 523.246 9.953
0 700.552 523.246 5.295
3 603.32 544.066 9.953
0 603.32 544.066 5.295
3 591.335 561.678 9.953
0 591.335 561.678 5.295
3 572.342 555.719 9.953
0 572.342 555.719 5.295
3 611.123 563.837 9.953
0 611.123 563.837 5.295
3 608.825 583.609 9.953
0 608.825 583.609 5.295
3 627.718 552.844 9.953
0 627.718 552.844 5.295
3 671.989 538.691 9.953
0 671.989 538.691 5.295
3 659.29 554.02 9.953
0 659.29 554.02 5.295
3 656.002 576.79 9.953
0 656.002 576.79 5.295
3 692.635 580.356 9.953
0 692.635 580.356 5.295
3 673.676 586.422 9.953
0 673.676 586.422 5.295
3 663.93 603.779 9.953
0 663.93 603.779 5.295
3 705.382 542.557 9.953
0 705.382 542.557 5.295
3 687.459 551.217 9.953
0 687.459 551.217 5.295
3 674.76 566.546 9.953
0 674.76 566.546 5.295
7 80 235 4.9765
0 80 235 2.6475
7 80 244 4.9765
0 80 244 2.6475
7 80 253 4.9765
0 80 253 2.6475
7 80 262 4.9765
0 80 262 2.6475
7 80 271 4.9765
0 80 271 2.6475
7 80 280 4.9765
0 80 280 2.6475
7 80 289 4.9765
0 80 289 2.6475
7 80 298 4.9765
0 80 298 2.6475
7 80 307 4.9765
0 80 307 2.6475
7 80 316 4.9765
0 80 316 2.6475
7 80 325 4.9765
0 80 325 2.6475
7 80 334 4.9765
0 80 334 2.6475
7 80 343 4.9765
0 80 343 2.6475
7 80 352 4.9765
0 80 352 2.6475
7 80 361 4.9765
0 80 361 2.6475
7 80 370 4.9765
0 80 370 2.6475
7 80 379 4.9765
0 80 379 2.6475
7 80 388 4.9765
0 80 388 2.6475
7 80 397 4.9765
0 80 397 2.6475
7 80 406 4.9765
0 80 406 2.6475
7 80 415 4.9765
0 80 415 2.6475
7 80 424 4.9765
0 80 424 2.6475
7 80 433 4.9765
0 80 433 2.6475
7 80 442 4.9765
0 80 442 2.6475
7 80 451 4.9765
0 80 451 2.6475
7 80 460 4.9765
0 80 460 2.6475
7 80 469 4.9765
0 80 469 2.6475
7 80 478 4.9765
0 80 478 2.6475
7 80 487 4.9765
0 80 487 2.6475
7 80 496 4.9765
0 80 496 2.6475
7 80 505 4.9765
0 80 505 2.6475
7 80 514 4.9765
0 80 514 2.6475
7 80 523 4.9765
0 80 523 2.6475
7 80 532 4.9765
0 80 532 2.6475
7 80 541 4.9765
0 80 541 2.6475
7 80 550 4.9765
0 80 550 2.6475
7 80 559 4.9765
0 80 559 2.6475
7 80 568 4.9765
0 80 568 2.6475
7 80 577 4.9765
0 80 577 2.6475
7 80 586 4.9765
0 80 586 2.6475
7 80 595 4.9765
0 80 595 2.6475
7 80 604 4.9765
0 80 604 2.6475
7 80 613 4.9765
0 80 613 2.6475
7 80 622 4.9765
0 80 622 2.6475
7 80 631 4.9765
0 80 631 2.6475
7 80 640 4.9765
0 80 640 2.6475
7 80 649 4.9765
0 80 649 2.6475
7 80 658 4.9765
0 80 658 2.6475
7 80 667 4.9765
0 80 667 2.6475
7 80 676 4.9765
0 80 676 2.6475
7 80 685 4.9765
0 80 685 2.6475
7 80 694 4.9765
0 80 694 2.6475
7 80 703 4.9765
0 80 703 2.6475
7 80 712 4.9765
0 80 712 2.6475
7 80 721 4.9765
0 80 721 2.6475
7 80 730 4.9765
0 80 730 2.6475
7 80 739 4.9765
0 80 739 2.6475
7 80 748 4.9765
0 80 748 2.6475
7 80 757 4.9765
0 80 757 2.6475
7 80 766 4.9765
0 80 766 2.6475
7 80 775 4.9765
0 80 775 2.6475
7 100 208 4.9765
0 100 208 2.6475
7 100 217 4.9765
0 100 217 2.6475
7 100 226 4.9765
0 100 226 2.6475
7 100 235 4.9765
0 100 235 2.6475
7 100 244 4.9765
0 100 244 2.6475
7 100 253 4.9765
0 100 253 2.6475
7 100 262 4.9765
0 100 262 2.6475
7 100 271 4.9765
0 100 271 2.6475
7 100 280 4.9765
0 100 280 2.6475
7 100 289 4.9765
0 100 289 2.6475
7 100 298 4.9765
0 100 298 2.6475
7 109.198 300.054 4.9765
0 109.198 300.054 2.6475
7 118.469 301.75 4.9765
0 118.469 301.75 2.6475
7 127.847 302.682 4.9765
0 127.847 302.682 2.6475
7 137.271 302.511 4.9765
0 137.271 302.511 2.6475
7 146.588 301.081 4.9765
0 146.588 301.081 2.6475
7 155.646 298.469 4.9765
0 155.646 298.469 2.6475
7 164.366 294.883 4.9765
0 164.366 294.883 2.6475
7 172.755 290.577 4.9765
0 172.755 290.577 2.6475
7 180.872 285.775 4.9765
0 180.872 285.775 2.6475
7 188.788 280.646 4.9765
0 188.788 280.646 2.6475
7 196.564 275.304 4.9765
0 196.564 275.304 2.6475
7 204.247 269.828 4.9765
0 204.247 269.828 2.6475
7 211.876 264.275 4.9765
0 211.876 264.275 2.6475
7 219.491 258.702 4.9765
0 219.491 258.702 2.6475
7 227.142 253.176 4.9765
0 227.142 253.176 2.6475
7 234.872 247.762 4.9765
0 234.872 247.762 2.6475
7 242.715 242.513 4.9765
0 242.715 242.513 2.6475
7 250.672 237.44 4.9765
0 250.672 237.44 2.6475
7 258.714 232.503 4.9765
0 258.714 232.503 2.6475
7 266.793 227.633 4.9765
0 266.793 227.633 2.6475
7 274.872 222.764 4.9765
0 274.872 222.764 2.6475
7 282.979 217.948 4.9765
0 282.979 217.948 2.6475
7 290.981 212.964 4.9765
0 290.981 212.964 2.6475
7 299.708 209.405 4.9765
0 299.708 209.405 2.6475
11 304.354 202.453 3.78655
0 304.354 202.453 2.01445
11 311.503 203.949 3.78655
0 311.503 203.949 2.01445
8 319.812 203.067 4.9765
0 319.812 203.067 2.6475
11 316.829 210.872 3.78655
0 316.829 210.872 2.01445
7 315.685 218.014 3.78655
0 315.685 218.014 2.01445
7 307.613 219.93 4.9765
0 307.613 219.93 2.6475
7 299.675 225.013 4.9765
0 299.675 225.013 2.6475
7 291.498 229.706 4.9765
0 291.498 229.706 2.6475
7 283.582 234.834 4.9765
0 283.582 234.834 2.6475
7 275.477 239.663 4.9765
0 275.477 239.663 2.6475
7 267.313 244.393 4.9765
0 267.313 244.393 2.6475
7 259.034 248.923 4.9765
0 259.034 248.923 2.6475
7 250.614 253.187 4.9765
0 250.614 253.187 2.6475
7 242.981 258.739 4.9765
0 242.981 258.739 2.6475
7 235.669 264.707 4.9765
0 235.669 264.707 2.6475
7 228.33 270.641 4.9765
0 228.33 270.641 2.6475
7 220.724 276.225 4.9765
0 220.724 276.225 2.6475
7 213.307 282.057 4.9765
0 213.307 282.057 2.6475
7 205.447 287.271 4.9765
0 205.447 287.271 2.6475
7 198.139 293.23 4.9765
0 198.139 293.23 2.6475
7 190.491 298.742 4.9765
0 190.491 298.742 2.6475
7 185.292 306.603 4.9765
0 185.292 306.603 2.6475
7 176.472 309.916 4.9765
0 176.472 309.916 2.6475
7 183.752 315.898 4.9765
0 183.752 315.898 2.6475
7 193.167 316.333 4.9765
0 193.167 316.333 2.6475
7 202.585 316.788 4.9765
0 202.585 316.788 2.6475
7 212.006 316.346 4.9765
0 212.006 316.346 2.6475
7 221.407 315.563 4.9765
0 221.407 315.563 2.6475
7 230.804 314.709 4.9765
0 230.804 314.709 2.6475
7 240.208 313.912 4.9765
0 240.208 313.912 2.6475
7 249.622 313.254 4.9765
0 249.622 313.254 2.6475
7 259.049 312.789 4.9765
0 259.049 312.789 2.6475
7 268.483 312.555 4.9765
