cells = zeros(1229,4);
cells = [-1 505 505 505
3 591.798 455.988 9.953
0 591.798 455.988 5.295
3 597.212 416.765 9.953
0 597.212 416.765 5.295
3 596.555 436.66 9.953
0 596.555 436.66 5.295
3 614.609 428.276 9.953
0 614.609 428.276 5.295
3 624.345 445.639 9.953
0 624.345 445.639 5.295
3 611.171 460.561 9.953
0 611.171 460.561 5.295
3 639.123 432.302 9.953
0 639.123 432.302 5.295
3 643.082 452.361 9.953
0 643.082 452.361 5.295
3 661.112 428.823 9.953
0 661.112 428.823 5.295
3 677.411 440.249 9.953
0 677.411 440.249 5.295
3 662.941 453.918 9.953
0 662.941 453.918 5.295
3 697.313 440.64 9.953
0 697.313 440.64 5.295
3 685.204 458.968 9.953
0 685.204 458.968 5.295
3 587.932 475.515 9.953
0 587.932 475.515 5.295
3 607.305 480.088 9.953
0 607.305 480.088 5.295
3 651.664 470.321 9.953
0 651.664 470.321 5.295
3 629.643 467.98 9.953
0 629.643 467.98 5.295
3 671.356 473.268 9.953
0 671.356 473.268 5.295
3 704.067 465.381 9.953
0 704.067 465.381 5.295
3 695.823 483.5 9.953
0 695.823 483.5 5.295
3 583.535 494.929 9.953
0 583.535 494.929 5.295
3 602.39 501.311 9.953
0 602.39 501.311 5.295
3 621.079 494.458 9.953
0 621.079 494.458 5.295
0 638.905 485.6 9.953
0 638.905 485.6 5.295
0 645.306 504.556 9.953
0 645.306 504.556 5.295
0 658.515 489.011 9.953
0 658.515 489.011 5.295
0 664.933 507.881 9.953
0 664.933 507.881 5.295
0 678.101 492.564 9.953
0 678.101 492.564 5.295
3 715.728 483.301 9.953
0 715.728 483.301 5.295
3 713.956 503.128 9.953
0 713.956 503.128 5.295
3 720.417 521.956 9.953
0 720.417 521.956 5.295
3 550.272 516.801 9.953
0 550.272 516.801 5.295
3 566.995 506.003 9.953
0 566.995 506.003 5.295
3 581.359 519.784 9.953
0 581.359 519.784 5.295
3 601.031 522.827 9.953
0 601.031 522.827 5.295
3 583.94 539.522 9.953
0 583.94 539.522 5.295
3 618.996 514.254 9.953
0 618.996 514.254 5.295
3 620.551 534.099 9.953
0 620.551 534.099 5.295
0 637.038 522.664 9.953
0 637.038 522.664 5.295
3 643.955 541.329 9.953
0 643.955 541.329 5.295
0 656.664 525.988 9.953
0 656.664 525.988 5.295
3 694.092 504.418 9.953
0 694.092 504.418 5.295
3 680.643 520.736 9.953
0 680.643 520.736 5.295
3 700.553 523.246 9.953
0 700.553 523.246 5.295
3 603.32 544.066 9.953
0 603.32 544.066 5.295
3 591.335 561.678 9.953
0 591.335 561.678 5.295
3 572.342 555.719 9.953
0 572.342 555.719 5.295
3 611.123 563.837 9.953
0 611.123 563.837 5.295
3 608.825 583.61 9.953
0 608.825 583.61 5.295
3 627.718 552.844 9.953
0 627.718 552.844 5.295
3 671.989 538.691 9.953
0 671.989 538.691 5.295
3 659.29 554.02 9.953
0 659.29 554.02 5.295
3 656.002 576.79 9.953
0 656.002 576.79 5.295
3 692.635 580.356 9.953
0 692.635 580.356 5.295
3 673.676 586.422 9.953
0 673.676 586.422 5.295
3 663.93 603.779 9.953
0 663.93 603.779 5.295
3 705.382 542.557 9.953
0 705.382 542.557 5.295
3 687.459 551.217 9.953
0 687.459 551.217 5.295
3 674.76 566.546 9.953
0 674.76 566.546 5.295
7 80 235 4.9765
0 80 235 2.6475
7 80 244 4.9765
0 80 244 2.6475
7 80 253 4.9765
0 80 253 2.6475
7 80 262 4.9765
0 80 262 2.6475
7 80 271 4.9765
0 80 271 2.6475
7 80 280 4.9765
0 80 280 2.6475
7 80 289 4.9765
0 80 289 2.6475
7 80 298 4.9765
0 80 298 2.6475
7 80 307 4.9765
0 80 307 2.6475
7 80 316 4.9765
0 80 316 2.6475
7 80 325 4.9765
0 80 325 2.6475
7 80 334 4.9765
0 80 334 2.6475
7 80 343 4.9765
0 80 343 2.6475
7 80 352 4.9765
0 80 352 2.6475
7 80 361 4.9765
0 80 361 2.6475
7 80 370 4.9765
0 80 370 2.6475
7 80 379 4.9765
0 80 379 2.6475
7 80 388 4.9765
0 80 388 2.6475
7 80 397 4.9765
0 80 397 2.6475
7 80 406 4.9765
0 80 406 2.6475
7 80 415 4.9765
0 80 415 2.6475
7 80 424 4.9765
0 80 424 2.6475
7 80 433 4.9765
0 80 433 2.6475
7 80 442 4.9765
0 80 442 2.6475
7 80 451 4.9765
0 80 451 2.6475
7 80 460 4.9765
0 80 460 2.6475
7 80 469 4.9765
0 80 469 2.6475
7 80 478 4.9765
0 80 478 2.6475
7 80 487 4.9765
0 80 487 2.6475
7 80 496 4.9765
0 80 496 2.6475
7 80 505 4.9765
0 80 505 2.6475
7 80 514 4.9765
0 80 514 2.6475
7 80 523 4.9765
0 80 523 2.6475
7 80 532 4.9765
0 80 532 2.6475
7 80 541 4.9765
0 80 541 2.6475
7 80 550 4.9765
0 80 550 2.6475
7 80 559 4.9765
0 80 559 2.6475
7 80 568 4.9765
0 80 568 2.6475
7 80 577 4.9765
0 80 577 2.6475
7 80 586 4.9765
0 80 586 2.6475
7 80 595 4.9765
0 80 595 2.6475
7 80 604 4.9765
0 80 604 2.6475
7 80 613 4.9765
0 80 613 2.6475
7 80 622 4.9765
0 80 622 2.6475
7 80 631 4.9765
0 80 631 2.6475
7 80 640 4.9765
0 80 640 2.6475
7 80 649 4.9765
0 80 649 2.6475
7 80 658 4.9765
0 80 658 2.6475
7 80 667 4.9765
0 80 667 2.6475
7 80 676 4.9765
0 80 676 2.6475
7 80 685 4.9765
0 80 685 2.6475
7 80 694 4.9765
0 80 694 2.6475
7 80 703 4.9765
0 80 703 2.6475
7 80 712 4.9765
0 80 712 2.6475
7 80 721 4.9765
0 80 721 2.6475
7 80 730 4.9765
0 80 730 2.6475
7 80 739 4.9765
0 80 739 2.6475
7 80 748 4.9765
0 80 748 2.6475
7 80 757 4.9765
0 80 757 2.6475
7 80 766 4.9765
0 80 766 2.6475
7 80 775 4.9765
0 80 775 2.6475
7 100 208 4.9765
0 100 208 2.6475
7 100 217 4.9765
0 100 217 2.6475
7 100 226 4.9765
0 100 226 2.6475
7 100 235 4.9765
0 100 235 2.6475
7 100 244 4.9765
0 100 244 2.6475
7 100 253 4.9765
0 100 253 2.6475
7 100 262 4.9765
0 100 262 2.6475
7 100 271 4.9765
0 100 271 2.6475
7 100 280 4.9765
0 100 280 2.6475
7 100 289 4.9765
0 100 289 2.6475
7 100 298 4.9765
0 100 298 2.6475
7 109.416 298.51 4.9765
0 109.416 298.51 2.6475
7 118.842 298.779 4.9765
0 118.842 298.779 2.6475
7 128.269 298.561 4.9765
0 128.269 298.561 2.6475
7 137.657 297.679 4.9765
0 137.657 297.679 2.6475
7 146.941 296.025 4.9765
0 146.941 296.025 2.6475
7 156.049 293.584 4.9765
0 156.049 293.584 2.6475
7 164.932 290.417 4.9765
0 164.932 290.417 2.6475
7 173.569 286.632 4.9765
0 173.569 286.632 2.6475
7 181.974 282.358 4.9765
0 181.974 282.358 2.6475
7 190.182 277.715 4.9765
0 190.182 277.715 2.6475
7 198.237 272.812 4.9765
0 198.237 272.812 2.6475
7 206.186 267.737 4.9765
0 206.186 267.737 2.6475
7 214.069 262.566 4.9765
0 214.069 262.566 2.6475
7 221.926 257.35 4.9765
0 221.926 257.35 2.6475
7 229.741 252.165 4.9765
0 229.741 252.165 2.6475
7 237.644 246.969 4.9765
0 237.644 246.969 2.6475
7 244.736 242.37 4.9765
0 244.736 242.37 2.6475
7 253.544 236.772 4.9765
0 253.544 236.772 2.6475
7 261.181 232.039 4.9765
0 261.181 232.039 2.6475
7 269.515 227.009 4.9765
0 269.515 227.009 2.6475
7 277.553 222.303 4.9765
0 277.553 222.303 2.6475
7 285.909 217.571 4.9765
0 285.909 217.571 2.6475
7 294.102 213.101 4.9765
0 294.102 213.101 2.6475
7 302.568 208.675 4.9765
0 302.568 208.675 2.6475
7 310.981 204.484 4.9765
0 310.981 204.484 2.6475
7 319.61 200.419 4.9765
0 319.61 200.419 2.6475
7 328.22 196.617 4.9765
0 328.22 196.617 2.6475
7 337.037 193.001 4.9765
0 337.037 193.001 2.6475
7 345.836 189.679 4.9765
0 345.836 189.679 2.6475
7 354.899 186.585 4.9765
0 354.899 186.585 2.6475
7 363.838 183.856 4.9765
0 363.838 183.856 2.6475
7 373.312 181.339 4.9765
0 373.312 181.339 2.6475
7 382.083 179.355 4.9765
0 382.083 179.355 2.6475
7 391.503 177.57 4.9765
0 391.503 177.57 2.6475
7 400.649 176.252 4.9765
0 400.649 176.252 2.6475
7 409.94 174.501 4.9765
0 409.94 174.501 2.6475
7 419.267 175.655 4.9765
0 419.267 175.655 2.6475
7 424.912 168.104 4.9765
0 424.912 168.104 2.6475
9 433.511 171.993 4.9765
0 433.511 171.993 2.6475
8 442.456 175.072 4.9765
0 442.456 175.072 2.6475
9 436.996 182.772 4.9765
0 436.996 182.772 2.6475
7 432.142 190.859 4.9765
0 432.142 190.859 2.6475
7 423.525 187.044 4.9765
0 423.525 187.044 2.6475
7 414.437 189.549 4.9765
0 414.437 189.549 2.6475
7 405.132 191.068 4.9765
0 405.132 191.068 2.6475
7 395.705 190.782 4.9765
0 395.705 190.782 2.6475
7 386.65 193.416 4.9765
0 386.65 193.416 2.6475
7 377.324 191.992 4.9765
0 377.324 191.992 2.6475
7 369.595 197.411 4.9765
0 369.595 197.411 2.6475
7 360.197 198.42 4.9765
0 360.197 198.42 2.6475
7 350.84 199.842 4.9765
0 350.84 199.842 2.6475
7 342.822 204.896 4.9765
0 342.822 204.896 2.6475
7 333.883 208.087 4.9765
0 333.883 208.087 2.6475
7 324.842 211.007 4.9765
0 324.842 211.007 2.6475
7 316.852 216.159 4.9765
0 316.852 216.159 2.6475
7 308.038 219.73 4.9765
0 308.038 219.73 2.6475
7 300.123 225.003 4.9765
