cells = zeros(1741,4);
cells = [-1 505 505 505
3 582.709 457.169 9.953
0 582.709 457.169 5.295
3 606.113 409.445 9.953
0 606.113 409.445 5.295
3 601.665 463.143 9.953
0 601.665 463.143 5.295
3 625.314 414.436 9.953
0 625.314 414.436 5.295
3 643.931 421.232 9.953
0 643.931 421.232 5.295
3 617.14 475.588 9.953
0 617.14 475.588 5.295
3 649.875 402.333 9.953
0 649.875 402.333 5.295
3 661.833 454.502 9.953
0 661.833 454.502 5.295
3 663.942 426.748 9.953
0 663.942 426.748 5.295
3 681.446 436.167 9.953
0 681.446 436.167 5.295
3 681.464 456.149 9.953
0 681.464 456.149 5.295
3 701.259 437.834 9.953
0 701.259 437.834 5.295
3 701.138 457.688 9.953
0 701.138 457.688 5.295
3 582.693 477.064 9.953
0 582.693 477.064 5.295
3 600.353 486.167 9.953
0 600.353 486.167 5.295
3 655.613 473.251 9.953
0 655.613 473.251 5.295
3 636.103 469.824 9.953
0 636.103 469.824 5.295
0 675.67 475.391 9.953
0 675.67 475.391 5.295
3 719.15 465.855 9.953
0 719.15 465.855 5.295
3 696.063 483.387 9.953
0 696.063 483.387 5.295
3 583.203 497.223 9.953
0 583.203 497.223 5.295
3 601.059 506.016 9.953
0 601.059 506.016 5.295
3 620.724 495.14 9.953
0 620.724 495.14 5.295
0 639.775 489.404 9.953
0 639.775 489.404 5.295
0 647.123 507.89 9.953
0 647.123 507.89 5.295
0 659.699 492.582 9.953
0 659.699 492.582 5.295
0 667.226 510.887 9.953
0 667.226 510.887 5.295
0 679.4 494.927 9.953
0 679.4 494.927 5.295
3 718.691 485.678 9.953
0 718.691 485.678 5.295
3 715.839 505.309 9.953
0 715.839 505.309 5.295
3 722.591 523.982 9.953
0 722.591 523.982 5.295
3 550.505 519.489 9.953
0 550.505 519.489 5.295
3 565.128 505.893 9.953
0 565.128 505.893 5.295
3 581.369 517.394 9.953
0 581.369 517.394 5.295
3 603.073 525.782 9.953
0 603.073 525.782 5.295
3 586.435 536.642 9.953
0 586.435 536.642 5.295
3 619.782 514.999 9.953
0 619.782 514.999 5.295
3 620.322 535.651 9.953
0 620.322 535.651 5.295
0 637.013 524.938 9.953
0 637.013 524.938 5.295
3 644.493 543.335 9.953
0 644.493 543.335 5.295
0 656.719 527.707 9.953
0 656.719 527.707 5.295
3 695.986 505.832 9.953
0 695.986 505.832 5.295
0 682.952 522.952 9.953
0 682.952 522.952 5.295
3 702.731 524.533 9.953
0 702.731 524.533 5.295
3 603.704 546.488 9.953
0 603.704 546.488 5.295
3 593.353 563.404 9.953
0 593.353 563.404 5.295
3 567.88 543.742 9.953
0 567.88 543.742 5.295
3 612.827 567.07 9.953
0 612.827 567.07 5.295
3 608.404 586.44 9.953
0 608.404 586.44 5.295
3 627.806 554.066 9.953
0 627.806 554.066 5.295
3 672.479 539.837 9.953
0 672.479 539.837 5.295
3 660.207 555.482 9.953
0 660.207 555.482 5.295
3 656.002 576.79 9.953
0 656.002 576.79 5.295
3 692.635 580.356 9.953
0 692.635 580.356 5.295
3 673.854 587.192 9.953
0 673.854 587.192 5.295
3 663.648 604.263 9.953
0 663.648 604.263 5.295
3 706.673 544.018 9.953
0 706.673 544.018 5.295
3 688.37 551.799 9.953
0 688.37 551.799 5.295
3 676.083 567.435 9.953
0 676.083 567.435 5.295
7 80 235 4.9765
0 80 235 2.6475
7 80 244 4.9765
0 80 244 2.6475
7 80 253 4.9765
0 80 253 2.6475
7 80 262 4.9765
0 80 262 2.6475
7 80 271 4.9765
0 80 271 2.6475
7 80 280 4.9765
0 80 280 2.6475
7 80 289 4.9765
0 80 289 2.6475
7 80 298 4.9765
0 80 298 2.6475
7 80 307 4.9765
0 80 307 2.6475
7 80 316 4.9765
0 80 316 2.6475
7 80 325 4.9765
0 80 325 2.6475
7 80 334 4.9765
0 80 334 2.6475
7 80 343 4.9765
0 80 343 2.6475
7 80 352 4.9765
0 80 352 2.6475
7 80 361 4.9765
0 80 361 2.6475
7 80 370 4.9765
0 80 370 2.6475
7 80 379 4.9765
0 80 379 2.6475
7 80 388 4.9765
0 80 388 2.6475
7 80 397 4.9765
0 80 397 2.6475
7 80 406 4.9765
0 80 406 2.6475
7 80 415 4.9765
0 80 415 2.6475
7 80 424 4.9765
0 80 424 2.6475
7 80 433 4.9765
0 80 433 2.6475
7 80 442 4.9765
0 80 442 2.6475
7 80 451 4.9765
0 80 451 2.6475
7 80 460 4.9765
0 80 460 2.6475
7 80 469 4.9765
0 80 469 2.6475
7 80 478 4.9765
0 80 478 2.6475
7 80 487 4.9765
0 80 487 2.6475
7 80 496 4.9765
0 80 496 2.6475
7 80 505 4.9765
0 80 505 2.6475
7 80 514 4.9765
0 80 514 2.6475
7 80 523 4.9765
0 80 523 2.6475
7 80 532 4.9765
0 80 532 2.6475
7 80 541 4.9765
0 80 541 2.6475
7 80 550 4.9765
0 80 550 2.6475
7 80 559 4.9765
0 80 559 2.6475
7 80 568 4.9765
0 80 568 2.6475
7 80 577 4.9765
0 80 577 2.6475
7 80 586 4.9765
0 80 586 2.6475
7 80 595 4.9765
0 80 595 2.6475
7 80 604 4.9765
0 80 604 2.6475
7 80 613 4.9765
0 80 613 2.6475
7 80 622 4.9765
0 80 622 2.6475
7 80 631 4.9765
0 80 631 2.6475
7 80 640 4.9765
0 80 640 2.6475
7 80 649 4.9765
0 80 649 2.6475
7 80 658 4.9765
0 80 658 2.6475
7 80 667 4.9765
0 80 667 2.6475
7 80 676 4.9765
0 80 676 2.6475
7 80 685 4.9765
0 80 685 2.6475
7 80 694 4.9765
0 80 694 2.6475
7 80 703 4.9765
0 80 703 2.6475
7 80 712 4.9765
0 80 712 2.6475
7 80 721 4.9765
0 80 721 2.6475
7 80 730 4.9765
0 80 730 2.6475
7 80 739 4.9765
0 80 739 2.6475
7 80 748 4.9765
0 80 748 2.6475
7 80 757 4.9765
0 80 757 2.6475
7 80 766 4.9765
0 80 766 2.6475
7 80 775 4.9765
0 80 775 2.6475
7 100 208 4.9765
0 100 208 2.6475
7 100 217 4.9765
0 100 217 2.6475
7 100 226 4.9765
0 100 226 2.6475
7 100 235 4.9765
0 100 235 2.6475
7 100 244 4.9765
0 100 244 2.6475
7 100 253 4.9765
0 100 253 2.6475
7 100 262 4.9765
0 100 262 2.6475
7 100 271 4.9765
0 100 271 2.6475
7 100 280 4.9765
0 100 280 2.6475
7 100 289 4.9765
0 100 289 2.6475
7 100 298 4.9765
0 100 298 2.6475
7 109.412 297.402 4.9765
0 109.412 297.402 2.6475
7 118.813 296.658 4.9765
0 118.813 296.658 2.6475
7 128.187 295.621 4.9765
0 128.187 295.621 2.6475
7 137.507 294.179 4.9765
0 137.507 294.179 2.6475
7 146.738 292.249 4.9765
0 146.738 292.249 2.6475
7 155.844 289.795 4.9765
0 155.844 289.795 2.6475
7 164.793 286.822 4.9765
0 164.793 286.822 2.6475
7 173.569 283.368 4.9765
0 173.569 283.368 2.6475
7 182.167 279.494 4.9765
0 182.167 279.494 2.6475
7 190.601 275.273 4.9765
0 190.601 275.273 2.6475
7 198.892 270.78 4.9765
0 198.892 270.78 2.6475
7 207.07 266.083 4.9765
0 207.07 266.083 2.6475
7 215.165 261.245 4.9765
0 215.165 261.245 2.6475
7 223.208 256.321 4.9765
0 223.208 256.321 2.6475
7 231.225 251.354 4.9765
0 231.225 251.354 2.6475
7 239.239 246.383 4.9765
0 239.239 246.383 2.6475
7 247.27 241.439 4.9765
0 247.27 241.439 2.6475
7 255.333 236.548 4.9765
0 255.333 236.548 2.6475
7 263.44 231.732 4.9765
0 263.44 231.732 2.6475
7 271.603 227.009 4.9765
0 271.603 227.009 2.6475
7 279.827 222.395 4.9765
0 279.827 222.395 2.6475
7 288.119 217.904 4.9765
0 288.119 217.904 2.6475
7 296.481 213.546 4.9765
0 296.481 213.546 2.6475
7 304.916 209.329 4.9765
0 304.916 209.329 2.6475
7 313.423 205.261 4.9765
0 313.423 205.261 2.6475
7 321.997 201.338 4.9765
0 321.997 201.338 2.6475
7 330.688 197.679 4.9765
0 330.688 197.679 2.6475
7 339.484 194.283 4.9765
0 339.484 194.283 2.6475
7 348.334 191.03 4.9765
0 348.334 191.03 2.6475
7 357.291 188.084 4.9765
0 357.291 188.084 2.6475
7 366.375 185.557 4.9765
0 366.375 185.557 2.6475
7 375.524 183.281 4.9765
0 375.524 183.281 2.6475
7 384.758 181.377 4.9765
0 384.758 181.377 2.6475
7 394.044 179.745 4.9765
0 394.044 179.745 2.6475
7 403.372 178.372 4.9765
0 403.372 178.372 2.6475
7 412.728 177.215 4.9765
0 412.728 177.215 2.6475
7 422.108 176.268 4.9765
0 422.108 176.268 2.6475
7 431.508 175.544 4.9765
0 431.508 175.544 2.6475
7 440.921 175.028 4.9765
0 440.921 175.028 2.6475
7 450.343 174.708 4.9765
0 450.343 174.708 2.6475
7 459.769 174.574 4.9765
0 459.769 174.574 2.6475
7 469.197 174.619 4.9765
0 469.197 174.619 2.6475
7 478.621 174.836 4.9765
0 478.621 174.836 2.6475
7 488.04 175.219 4.9765
0 488.04 175.219 2.6475
7 497.452 175.766 4.9765
0 497.452 175.766 2.6475
7 506.85 176.494 4.9765
0 506.85 176.494 2.6475
7 516.233 177.413 4.9765
0 516.233 177.413 2.6475
7 525.579 178.644 4.9765
0 525.579 178.644 2.6475
7 534.952 179.662 4.9765
0 534.952 179.662 2.6475
7 543.731 183.097 4.9765
0 543.731 183.097 2.6475
7 552.851 180.695 4.9765
0 552.851 180.695 2.6475
9 560.87 185.678 4.9765
0 560.87 185.678 2.6475
8 567.677 192.248 4.9765
0 567.677 192.248 2.6475
9 559.192 196.416 4.9765
0 559.192 196.416 2.6475
7 551.799 202.274 4.9765
0 551.799 202.274 2.6475
7 544.086 196.861 4.9765
0 544.086 196.861 2.6475
7 534.7 196.036 4.9765
