cells = zeros(2429,4);
cells = [-1 505 505 505
3 571.301 442.349 9.953
0 571.301 442.349 5.295
3 590.739 408.022 9.953
0 590.739 408.022 5.295
3 590.201 447.946 9.953
0 590.201 447.946 5.295
3 630.071 409.349 9.953
0 630.071 409.349 5.295
3 649.611 412.869 9.953
0 649.611 412.869 5.295
3 622.615 457.111 9.953
0 622.615 457.111 5.295
3 653.201 393.367 9.953
0 653.201 393.367 5.295
3 661.978 450.685 9.953
0 661.978 450.685 5.295
3 669.385 410.984 9.953
0 669.385 410.984 5.295
3 734.538 442.914 9.953
0 734.538 442.914 5.295
3 695.271 466.323 9.953
0 695.271 466.323 5.295
3 722.934 426.741 9.953
0 722.934 426.741 5.295
3 723.12 497.306 9.953
0 723.12 497.306 5.295
1 556.159 454.831 9.953
0 556.159 454.831 5.295
3 602.79 463.065 9.953
0 602.79 463.065 5.295
3 655.952 469.332 9.953
0 655.952 469.332 5.295
3 642.175 455.44 9.953
0 642.175 455.44 5.295
0 675.533 466.96 9.953
0 675.533 466.96 5.295
3 754.042 462.83 9.953
0 754.042 462.83 5.295
3 703.723 494.519 9.953
0 703.723 494.519 5.295
3 576.519 465.767 9.953
0 576.519 465.767 5.295
3 591.337 479.238 9.953
0 591.337 479.238 5.295
3 617.587 476.019 9.953
0 617.587 476.019 5.295
0 637.095 474.601 9.953
0 637.095 474.601 5.295
0 674.13 520.149 9.953
0 674.13 520.149 5.295
0 667.392 485.086 9.953
0 667.392 485.086 5.295
0 687.44 505.61 9.953
0 687.44 505.61 5.295
0 687.001 484.215 9.953
0 687.001 484.215 5.295
3 744.534 506.107 9.953
0 744.534 506.107 5.295
3 722.958 517 9.953
0 722.958 517 5.295
3 740.607 526.06 9.953
0 740.607 526.06 5.295
3 545.628 532.696 9.953
0 545.628 532.696 5.295
1 521.057 496.172 9.953
0 521.057 496.172 5.295
1 533.901 512.997 9.953
0 533.901 512.997 5.295
1 526.25 530.778 9.953
0 526.25 530.778 5.295
1 517.869 548.272 9.953
0 517.869 548.272 5.295
2 500.784 500.947 9.953
0 500.784 500.947 5.295
1 514.542 514.648 9.953
0 514.542 514.648 5.295
1 506.875 532.438 9.953
0 506.875 532.438 5.295
5 491.572 514.696 7.03783
0 491.572 514.696 3.74413
5 491.028 528.338 7.03783
0 491.028 528.338 3.74413
2 475.974 534.781 9.953
0 475.974 534.781 5.295
1 517.303 577.191 9.953
0 517.303 577.191 5.295
1 539.461 566.499 9.953
0 539.461 566.499 5.295
3 552.002 551.353 9.953
0 552.002 551.353 5.295
1 551.473 473.867 9.953
0 551.473 473.867 5.295
3 571.721 484.964 9.953
0 571.721 484.964 5.295
3 626.163 505.669 9.953
0 626.163 505.669 5.295
3 606.023 522.908 9.953
0 606.023 522.908 5.295
3 641.904 493.718 9.953
0 641.904 493.718 5.295
3 640.281 551.946 9.953
0 640.281 551.946 5.295
0 658.902 532.949 9.953
0 658.902 532.949 5.295
3 660.064 552.741 9.953
0 660.064 552.741 5.295
0 684.379 536.889 9.953
0 684.379 536.889 5.295
3 703.152 518.327 9.953
0 703.152 518.327 5.295
0 703.958 539.022 9.953
0 703.958 539.022 5.295
3 723.575 536.729 9.953
0 723.575 536.729 5.295
3 621.593 558.364 9.953
0 621.593 558.364 5.295
3 601.552 568.182 9.953
0 601.552 568.182 5.295
3 569.922 543.04 9.953
0 569.922 543.04 5.295
3 637.026 584.98 9.953
0 637.026 584.98 5.295
3 587.086 591.644 9.953
0 587.086 591.644 5.295
3 649.347 569.505 9.953
0 649.347 569.505 5.295
3 679.6 555.977 9.953
0 679.6 555.977 5.295
3 668.871 572.518 9.953
0 668.871 572.518 5.295
3 656.473 588.428 9.953
0 656.473 588.428 5.295
3 702.457 589.461 9.953
0 702.457 589.461 5.295
3 676.123 590.938 9.953
0 676.123 590.938 5.295
3 663.339 607.046 9.953
0 663.339 607.046 5.295
3 718.865 555.962 9.953
0 718.865 555.962 5.295
3 699.221 558.501 9.953
0 699.221 558.501 5.295
3 688.539 575.27 9.953
0 688.539 575.27 5.295
7 80 235 4.9765
0 80 235 2.6475
7 80 244 4.9765
0 80 244 2.6475
7 80 253 4.9765
0 80 253 2.6475
7 80 262 4.9765
0 80 262 2.6475
7 80 271 4.9765
0 80 271 2.6475
7 80 280 4.9765
0 80 280 2.6475
7 80 289 4.9765
0 80 289 2.6475
7 80 298 4.9765
0 80 298 2.6475
7 80 307 4.9765
0 80 307 2.6475
7 80 316 4.9765
0 80 316 2.6475
7 80 325 4.9765
0 80 325 2.6475
7 80 334 4.9765
0 80 334 2.6475
7 80 343 4.9765
0 80 343 2.6475
7 80 352 4.9765
0 80 352 2.6475
7 80 361 4.9765
0 80 361 2.6475
7 80 370 4.9765
0 80 370 2.6475
7 80 379 4.9765
0 80 379 2.6475
7 80 388 4.9765
0 80 388 2.6475
7 80 397 4.9765
0 80 397 2.6475
7 80 406 4.9765
0 80 406 2.6475
7 80 415 4.9765
0 80 415 2.6475
7 80 424 4.9765
0 80 424 2.6475
7 80 433 4.9765
0 80 433 2.6475
7 80 442 4.9765
0 80 442 2.6475
7 80 451 4.9765
0 80 451 2.6475
7 80 460 4.9765
0 80 460 2.6475
7 80 469 4.9765
0 80 469 2.6475
7 80 478 4.9765
0 80 478 2.6475
7 80 487 4.9765
0 80 487 2.6475
7 80 496 4.9765
0 80 496 2.6475
7 80 505 4.9765
0 80 505 2.6475
7 80 514 4.9765
0 80 514 2.6475
7 80 523 4.9765
0 80 523 2.6475
7 80 532 4.9765
0 80 532 2.6475
7 80 541 4.9765
0 80 541 2.6475
7 80 550 4.9765
0 80 550 2.6475
7 80 559 4.9765
0 80 559 2.6475
7 80 568 4.9765
0 80 568 2.6475
7 80 577 4.9765
0 80 577 2.6475
7 80 586 4.9765
0 80 586 2.6475
7 80 595 4.9765
0 80 595 2.6475
7 80 604 4.9765
0 80 604 2.6475
7 80 613 4.9765
0 80 613 2.6475
7 80 622 4.9765
0 80 622 2.6475
7 80 631 4.9765
0 80 631 2.6475
7 80 640 4.9765
0 80 640 2.6475
7 80 649 4.9765
0 80 649 2.6475
7 80 658 4.9765
0 80 658 2.6475
7 80 667 4.9765
0 80 667 2.6475
7 80 676 4.9765
0 80 676 2.6475
7 80 685 4.9765
0 80 685 2.6475
7 80 694 4.9765
0 80 694 2.6475
7 80 703 4.9765
0 80 703 2.6475
7 80 712 4.9765
0 80 712 2.6475
7 80 721 4.9765
0 80 721 2.6475
7 80 730 4.9765
0 80 730 2.6475
7 80 739 4.9765
0 80 739 2.6475
7 80 748 4.9765
0 80 748 2.6475
7 80 757 4.9765
0 80 757 2.6475
7 80 766 4.9765
0 80 766 2.6475
7 80 775 4.9765
0 80 775 2.6475
7 100 208 4.9765
0 100 208 2.6475
7 100 217 4.9765
0 100 217 2.6475
7 100 226 4.9765
0 100 226 2.6475
7 100 235 4.9765
0 100 235 2.6475
7 100 244 4.9765
0 100 244 2.6475
7 100 253 4.9765
0 100 253 2.6475
7 100 262 4.9765
0 100 262 2.6475
7 100 271 4.9765
0 100 271 2.6475
7 100 280 4.9765
0 100 280 2.6475
7 100 289 4.9765
0 100 289 2.6475
7 100 298 4.9765
0 100 298 2.6475
7 108.282 293.498 4.9765
0 108.282 293.498 2.6475
7 117.619 292.188 4.9765
0 117.619 292.188 2.6475
7 126.935 290.74 4.9765
0 126.935 290.74 2.6475
7 136.208 289.034 4.9765
0 136.208 289.034 2.6475
7 145.414 286.996 4.9765
0 145.414 286.996 2.6475
7 154.531 284.592 4.9765
0 154.531 284.592 2.6475
7 163.543 281.821 4.9765
0 163.543 281.821 2.6475
7 172.443 278.708 4.9765
0 172.443 278.708 2.6475
7 181.227 275.284 4.9765
0 181.227 275.284 2.6475
7 189.901 271.587 4.9765
0 189.901 271.587 2.6475
7 198.471 267.656 4.9765
0 198.471 267.656 2.6475
7 206.949 263.53 4.9765
0 206.949 263.53 2.6475
7 215.349 259.247 4.9765
0 215.349 259.247 2.6475
7 223.685 254.843 4.9765
0 223.685 254.843 2.6475
7 231.976 250.352 4.9765
0 231.976 250.352 2.6475
7 240.236 245.806 4.9765
0 240.236 245.806 2.6475
7 248.482 241.234 4.9765
0 248.482 241.234 2.6475
7 256.727 236.659 4.9765
0 256.727 236.659 2.6475
7 264.982 232.105 4.9765
0 264.982 232.105 2.6475
7 273.258 227.587 4.9765
0 273.258 227.587 2.6475
7 281.563 223.123 4.9765
0 281.563 223.123 2.6475
7 289.909 218.736 4.9765
0 289.909 218.736 2.6475
7 298.326 214.485 4.9765
0 298.326 214.485 2.6475
7 306.798 210.347 4.9765
0 306.798 210.347 2.6475
7 315.356 206.389 4.9765
0 315.356 206.389 2.6475
7 324.005 202.634 4.9765
0 324.005 202.634 2.6475
7 332.744 199.094 4.9765
0 332.744 199.094 2.6475
7 341.578 195.796 4.9765
0 341.578 195.796 2.6475
7 350.507 192.766 4.9765
0 350.507 192.766 2.6475
7 359.527 190.018 4.9765
0 359.527 190.018 2.6475
7 368.639 187.591 4.9765
0 368.639 187.591 2.6475
7 377.8 185.352 4.9765
0 377.8 185.352 2.6475
7 387.043 183.487 4.9765
0 387.043 183.487 2.6475
7 396.319 181.782 4.9765
0 396.319 181.782 2.6475
7 405.629 180.28 4.9765
0 405.629 180.28 2.6475
7 414.965 178.938 4.9765
0 414.965 178.938 2.6475
7 424.307 177.644 4.9765
0 424.307 177.644 2.6475
7 433.649 176.34 4.9765
0 433.649 176.34 2.6475
7 442.981 174.961 4.9765
0 442.981 174.961 2.6475
7 452.29 173.435 4.9765
0 452.29 173.435 2.6475
7 461.561 171.688 4.9765
0 461.561 171.688 2.6475
7 470.775 169.655 4.9765
0 470.775 169.655 2.6475
7 479.909 167.289 4.9765
0 479.909 167.289 2.6475
7 488.947 164.573 4.9765
0 488.947 164.573 2.6475
