cells = zeros(375,4);
cells = [-1 505 505 505
3 591.801 455.991 9.953
0 591.801 455.991 5.295
3 597.212 416.77 9.953
0 597.212 416.77 5.295
3 596.555 436.663 9.953
0 596.555 436.663 5.295
3 614.608 428.279 9.953
0 614.608 428.279 5.295
3 624.344 445.64 9.953
0 624.344 445.64 5.295
3 611.174 460.564 9.953
0 611.174 460.564 5.295
3 639.121 432.304 9.953
0 639.121 432.304 5.295
3 643.08 452.362 9.953
0 643.08 452.362 5.295
3 661.113 428.823 9.953
0 661.113 428.823 5.295
3 677.409 440.254 9.953
0 677.409 440.254 5.295
3 662.94 453.922 9.953
0 662.94 453.922 5.295
3 697.31 440.64 9.953
0 697.31 440.64 5.295
3 685.204 458.968 9.953
0 685.204 458.968 5.295
3 587.938 475.517 9.953
0 587.938 475.517 5.295
3 607.31 480.09 9.953
0 607.31 480.09 5.295
3 651.661 470.322 9.953
0 651.661 470.322 5.295
3 629.643 467.986 9.953
0 629.643 467.986 5.295
3 671.356 473.267 9.953
0 671.356 473.267 5.295
3 704.065 465.386 9.953
0 704.065 465.386 5.295
3 695.819 483.501 9.953
0 695.819 483.501 5.295
3 583.539 494.928 9.953
0 583.539 494.928 5.295
3 602.394 501.302 9.953
0 602.394 501.302 5.295
3 621.084 494.458 9.953
0 621.084 494.458 5.295
3 638.907 485.602 9.953
0 638.907 485.602 5.295
3 645.305 504.559 9.953
0 645.305 504.559 5.295
3 658.516 489.01 9.953
0 658.516 489.01 5.295
3 664.931 507.883 9.953
0 664.931 507.883 5.295
3 678.098 492.564 9.953
0 678.098 492.564 5.295
3 715.722 483.302 9.953
0 715.722 483.302 5.295
3 713.95 503.128 9.953
0 713.95 503.128 5.295
3 720.415 521.954 9.953
0 720.415 521.954 5.295
3 550.278 516.798 9.953
0 550.278 516.798 5.295
3 567.001 506.003 9.953
0 567.001 506.003 5.295
3 581.364 519.783 9.953
0 581.364 519.783 5.295
3 601.036 522.82 9.953
0 601.036 522.82 5.295
3 583.94 539.521 9.953
0 583.94 539.521 5.295
3 619 514.251 9.953
0 619 514.251 5.295
3 620.549 534.096 9.953
0 620.549 534.096 5.295
3 637.037 522.666 9.953
0 637.037 522.666 5.295
3 643.954 541.329 9.953
0 643.954 541.329 5.295
3 656.662 525.989 9.953
0 656.662 525.989 5.295
3 694.087 504.417 9.953
0 694.087 504.417 5.295
3 680.643 520.736 9.953
0 680.643 520.736 5.295
3 700.551 523.242 9.953
0 700.551 523.242 5.295
3 603.32 544.065 9.953
0 603.32 544.065 5.295
3 591.337 561.678 9.953
0 591.337 561.678 5.295
3 572.344 555.72 9.953
0 572.344 555.72 5.295
3 611.124 563.835 9.953
0 611.124 563.835 5.295
3 608.826 583.607 9.953
0 608.826 583.607 5.295
3 627.718 552.844 9.953
0 627.718 552.844 5.295
3 671.988 538.69 9.953
0 671.988 538.69 5.295
3 659.288 554.019 9.953
0 659.288 554.019 5.295
3 656.002 576.79 9.953
0 656.002 576.79 5.295
3 692.635 580.356 9.953
0 692.635 580.356 5.295
3 673.675 586.418 9.953
0 673.675 586.418 5.295
3 663.932 603.775 9.953
0 663.932 603.775 5.295
3 705.376 542.552 9.953
0 705.376 542.552 5.295
3 687.456 551.216 9.953
0 687.456 551.216 5.295
3 674.757 566.544 9.953
0 674.757 566.544 5.295
7 80 235 4.9765
0 80 235 2.6475
7 80 244 4.9765
0 80 244 2.6475
7 80 253 4.9765
0 80 253 2.6475
7 80 262 4.9765
0 80 262 2.6475
7 80 271 4.9765
0 80 271 2.6475
7 80 280 4.9765
0 80 280 2.6475
7 80 289 4.9765
0 80 289 2.6475
7 80 298 4.9765
0 80 298 2.6475
7 80 307 4.9765
0 80 307 2.6475
7 80 316 4.9765
0 80 316 2.6475
7 80 325 4.9765
0 80 325 2.6475
7 80 334 4.9765
0 80 334 2.6475
7 80 343 4.9765
0 80 343 2.6475
7 80 352 4.9765
0 80 352 2.6475
7 80 361 4.9765
0 80 361 2.6475
7 80 370 4.9765
0 80 370 2.6475
7 80 379 4.9765
0 80 379 2.6475
7 80 388 4.9765
0 80 388 2.6475
7 80 397 4.9765
0 80 397 2.6475
7 80 406 4.9765
0 80 406 2.6475
7 80 415 4.9765
0 80 415 2.6475
7 80 424 4.9765
0 80 424 2.6475
7 80 433 4.9765
0 80 433 2.6475
7 80 442 4.9765
0 80 442 2.6475
7 80 451 4.9765
0 80 451 2.6475
7 80 460 4.9765
0 80 460 2.6475
7 80 469 4.9765
0 80 469 2.6475
7 80 478 4.9765
0 80 478 2.6475
7 80 487 4.9765
0 80 487 2.6475
7 80 496 4.9765
0 80 496 2.6475
7 80 505 4.9765
0 80 505 2.6475
7 80 514 4.9765
0 80 514 2.6475
7 80 523 4.9765
0 80 523 2.6475
7 80 532 4.9765
0 80 532 2.6475
7 80 541 4.9765
0 80 541 2.6475
7 80 550 4.9765
0 80 550 2.6475
7 80 559 4.9765
0 80 559 2.6475
7 80 568 4.9765
0 80 568 2.6475
7 80 577 4.9765
0 80 577 2.6475
7 80 586 4.9765
0 80 586 2.6475
7 80 595 4.9765
0 80 595 2.6475
7 80 604 4.9765
0 80 604 2.6475
7 80 613 4.9765
0 80 613 2.6475
7 80 622 4.9765
0 80 622 2.6475
7 80 631 4.9765
0 80 631 2.6475
7 80 640 4.9765
0 80 640 2.6475
7 80 649 4.9765
0 80 649 2.6475
7 80 658 4.9765
0 80 658 2.6475
7 80 667 4.9765
0 80 667 2.6475
7 80 676 4.9765
0 80 676 2.6475
7 80 685 4.9765
0 80 685 2.6475
7 80 694 4.9765
0 80 694 2.6475
7 80 703 4.9765
0 80 703 2.6475
7 80 712 4.9765
0 80 712 2.6475
7 80 721 4.9765
0 80 721 2.6475
7 80 730 4.9765
0 80 730 2.6475
7 80 739 4.9765
0 80 739 2.6475
7 80 748 4.9765
0 80 748 2.6475
7 80 757 4.9765
0 80 757 2.6475
7 80 766 4.9765
0 80 766 2.6475
7 80 775 4.9765
0 80 775 2.6475
7 100 208 4.9765
0 100 208 2.6475
7 100 217 4.9765
0 100 217 2.6475
7 100 226 4.9765
0 100 226 2.6475
7 100 235 4.9765
0 100 235 2.6475
7 100 244 4.9765
0 100 244 2.6475
7 100 253 4.9765
0 100 253 2.6475
7 100 262 4.9765
0 100 262 2.6475
7 100 271 4.9765
0 100 271 2.6475
7 100 280 4.9765
0 100 280 2.6475
7 100 289 4.9765
0 100 289 2.6475
7 100 298 4.9765
0 100 298 2.6475
7 100 307 4.9765
0 100 307 2.6475
7 100 316 4.9765
0 100 316 2.6475
7 100 325 4.9765
0 100 325 2.6475
7 100 334 4.9765
0 100 334 2.6475
7 100 343 4.9765
0 100 343 2.6475
7 100 352 4.9765
0 100 352 2.6475
7 100 361 4.9765
0 100 361 2.6475
7 100 370 4.9765
0 100 370 2.6475
7 100 379 4.9765
0 100 379 2.6475
7 100 388 4.9765
0 100 388 2.6475
7 100 397 4.9765
0 100 397 2.6475
7 100 406 4.9765
0 100 406 2.6475
7 100 415 4.9765
0 100 415 2.6475
7 100 424 4.9765
0 100 424 2.6475
7 100 433 4.9765
0 100 433 2.6475
7 100 442 4.9765
0 100 442 2.6475
7 100 451 4.9765
0 100 451 2.6475
7 100 460 4.9765
0 100 460 2.6475
7 100 469 4.9765
0 100 469 2.6475
7 100 478 4.9765
0 100 478 2.6475
7 100 487 4.9765
0 100 487 2.6475
7 100 496 4.9765
0 100 496 2.6475
7 100 505 4.9765
0 100 505 2.6475
7 100 514 4.9765
0 100 514 2.6475
7 100 523 4.9765
0 100 523 2.6475
7 100 532 4.9765
0 100 532 2.6475
7 100 541 4.9765
0 100 541 2.6475
7 100 550 4.9765
0 100 550 2.6475
7 100 559 4.9765
0 100 559 2.6475
7 100 568 4.9765
0 100 568 2.6475
7 100 577 4.9765
0 100 577 2.6475
7 100 586 4.9765
0 100 586 2.6475
7 100 595 4.9765
0 100 595 2.6475
7 100 604 4.9765
0 100 604 2.6475
7 100 613 4.9765
0 100 613 2.6475
7 100 622 4.9765
0 100 622 2.6475
7 100 631 4.9765
0 100 631 2.6475
7 100 640 4.9765
0 100 640 2.6475
7 100 649 4.9765
0 100 649 2.6475
7 100 658 4.9765
0 100 658 2.6475
7 100 667 4.9765
0 100 667 2.6475
7 100 676 4.9765
0 100 676 2.6475
7 100 685 4.9765
0 100 685 2.6475
7 100 694 4.9765
0 100 694 2.6475
7 100 703 4.9765
0 100 703 2.6475
7 100 712 4.9765
0 100 712 2.6475
7 100 721 4.9765
0 100 721 2.6475
7 100 730 4.9765
0 100 730 2.6475
7 100 739 4.9765
0 100 739 2.6475
7 100 748 4.9765
0 100 748 2.6475
7 100 757 4.9765
0 100 757 2.6475
7 100 766 4.9765
0 100 766 2.6475
7 100 775 4.9765
0 100 775 2.6475
7 100 784 4.9765
0 100 784 2.6475
7 100 793 4.9765
0 100 793 2.6475
7 100 802 4.9765
0 100 802 2.6475
];